% Valor dos objetivos das soluções não dominadas estimadas

function fx_goal = fx_estimated()

fx_goal=[645.3135971	604.7517589	645.3135971	640.4303625	622.8759664	606.4419531	605.787944	614.9472408	627.9894595	612.0643152	644.701415	604.8694663	605.0074482	619.3746363	604.7847086	612.442613	610.5021046	607.3104022	624.6283295	635.1785777	613.5723518	609.4912882	637.9895073	632.4248782	610.1106489	617.1223248	605.1826671	618.9705179	635.1785777	608.4113932	630.2734316	630.2734316	632.4248782	620.7837641	638.2151092	621.1296607	608.4113932	616.8665085	616.0244526	624.6283295	607.8612763	606.7431848	605.5636686	605.5636686	613.5723518	609.5913878	605.1826671	626.6860985	626.6860985	606.7440776
0.19420024	0.221675668	0.19420024	0.194323269	0.197902861	0.212155761	0.213913285	0.200979183	0.196187128	0.204120993	0.194292547	0.219061732	0.218410607	0.19892636	0.221043605	0.203153609	0.204820622	0.209613832	0.196868783	0.194733278	0.202546483	0.206453071	0.194518752	0.195186904	0.205364663	0.199857308	0.216559584	0.199752356	0.194733278	0.207914618	0.195604275	0.195604275	0.195186904	0.198275649	0.194499119	0.198143166	0.207914618	0.200485442	0.200934141	0.196868783	0.209238499	0.21087227	0.215191692	0.215191692	0.202546483	0.206440514	0.216559584	0.196282531	0.196282531	0.210870812
];
